i,j,dist
30,31,1.3104628953160025
30,32,3.117669963289891
30,34,3.0568030685668965
31,30,1.3104628953160025
31,32,1.3077098301993482
31,33,2.7684165149052267
31,34,2.850417162451841
32,30,3.117669963289891
32,31,1.3077098301993482
32,33,1.3179992412744406
32,34,3.4748267582715555
32,35,2.775088647232735
32,36,4.873594771829108
33,31,2.7684165149052267
33,32,1.3179992412744406
33,34,1.3009857800913869
33,35,2.776821564306933
33,36,2.7730701397548576
34,30,3.0568030685668965
34,31,2.850417162451841
34,32,3.4748267582715555
34,33,1.3009857800913869
34,35,1.3130750168973604
34,36,2.962584851105533
34,37,4.288249293126505
35,32,2.775088647232735
35,33,2.776821564306933
35,34,1.3130750168973604
35,36,1.304246525776473
35,37,3.1641084052225494
36,32,4.873594771829108
36,33,2.7730701397548576
36,34,2.962584851105533
36,35,1.304246525776473
36,37,1.3047256416580444
36,38,3.7339880824662566
37,34,4.288249293126505
37,35,3.1641084052225494
37,36,1.3047256416580444
37,38,1.311658873335596
37,39,3.0523717008254425
38,36,3.7339880824662566
38,37,1.311658873335596
38,39,1.298976135269622
38,40,3.862707470156134
39,37,3.0523717008254425
39,38,1.298976135269622
39,40,1.3073599351364578
39,41,3.443890532522773
40,38,3.862707470156134
40,39,1.3073599351364578
40,41,1.304239625222295
40,42,3.3720028173179224
41,39,3.443890532522773
41,40,1.304239625222295
41,42,1.3134534632030181
41,43,3.0618440522012227
41,45,4.910847890130583
41,46,4.12500715150895
41,49,3.89326765070166
42,40,3.3720028173179224
42,41,1.3134534632030181
42,43,1.317225493224301
42,44,2.850932479032079
42,45,2.545571448614239
42,46,2.630364803596643
42,47,3.7507104660317356
43,41,3.0618440522012227
43,42,1.317225493224301
43,44,1.3076853597100486
43,45,2.711094981737088
43,46,2.750870771228634
43,47,2.822742637932125
43,48,4.666258244032363
44,42,2.850932479032079
44,43,1.3076853597100486
44,45,1.3039976993844706
44,46,2.972891017175035
44,47,2.461208239869191
44,48,2.731006590984354
44,49,4.8281928296206225
45,41,4.910847890130583
45,42,2.545571448614239
45,43,2.711094981737088
45,44,1.3039976993844706
45,46,1.3037864088875917
45,47,2.6977240407424903
45,48,2.558597271944139
45,49,2.7446369523126353
45,50,4.506855777590403
46,41,4.12500715150895
46,42,2.630364803596643
46,43,2.750870771228634
46,44,2.972891017175035
46,45,1.3037864088875917
46,47,1.3141274671811707
46,48,3.1467397413831364
46,49,2.8250490261232653
46,50,2.2445759064910265
46,51,4.1629135230028504
46,53,3.3688861660792266
47,42,3.7507104660317356
47,43,2.822742637932125
47,44,2.461208239869191
47,45,2.6977240407424903
47,46,1.3141274671811707
47,48,1.3095056319084701
47,49,2.5956615727016485
47,50,2.720950385435205
47,51,2.7061123406096823
47,52,4.705008076507417
48,43,4.666258244032363
48,44,2.731006590984354
48,45,2.558597271944139
48,46,3.1467397413831364
48,47,1.3095056319084701
48,49,1.3129763897344116
48,50,3.113882785205634
48,51,2.662409998478822
48,52,2.5037853342489225
48,53,4.747745254328627
49,41,3.89326765070166
49,44,4.8281928296206225
49,45,2.7446369523126353
49,46,2.8250490261232653
49,47,2.5956615727016485
49,48,1.3129763897344116
49,50,1.3123387519996517
49,51,2.953544480789142
49,52,2.757407840708368
49,53,2.883564807664291
50,45,4.506855777590403
50,46,2.2445759064910265
50,47,2.720950385435205
50,48,3.113882785205634
50,49,1.3123387519996517
50,51,1.3184574320015034
50,52,3.074354891680529
50,53,2.8363747989290866
50,54,2.8613951142755494
51,46,4.1629135230028504
51,47,2.7061123406096823
51,48,2.662409998478822
51,49,2.953544480789142
51,50,1.3184574320015034
51,52,1.3128568086428953
51,53,3.0148912086508215
51,54,2.744389549608436
51,59,2.615441454133508
51,60,3.2359334047535633
52,47,4.705008076507417
52,48,2.5037853342489225
52,49,2.757407840708368
52,50,3.074354891680529
52,51,1.3128568086428953
52,53,1.2984255850837172
52,54,2.938371828070779
52,55,4.602960243147882
52,59,2.7351204726666074
53,46,3.3688861660792266
53,48,4.747745254328627
53,49,2.883564807664291
53,50,2.8363747989290866
53,51,3.0148912086508215
53,52,1.2984255850837172
53,54,1.3010038431918631
53,55,3.1343715478545295
53,59,4.4318562702326
54,50,2.8613951142755494
54,51,2.744389549608436
54,52,2.938371828070779
54,53,1.3010038431918631
54,55,1.306386619649794
54,56,2.428886782046457
54,57,4.915088910691242
54,59,2.64395102072637
55,52,4.602960243147882
55,53,3.1343715478545295
55,54,1.306386619649794
55,56,1.3018732657213623
55,57,3.0422504827840835
55,59,4.304322827112298
56,54,2.428886782046457
56,55,1.3018732657213623
56,57,1.3085144248345146
56,58,2.439798557258364
56,59,2.703636255120137
57,54,4.915088910691242
57,55,3.0422504827840835
57,56,1.3085144248345146
57,58,1.3054727113195441
57,59,3.2056796471263342
58,56,2.439798557258364
58,57,1.3054727113195441
58,59,1.3107974671931586
58,60,3.391016514262353
59,51,2.615441454133508
59,52,2.7351204726666074
59,53,4.4318562702326
59,54,2.64395102072637
59,55,4.304322827112298
59,56,2.703636255120137
59,57,3.2056796471263342
59,58,1.3107974671931586
59,60,1.308817023116677
60,51,3.2359334047535633
60,58,3.391016514262353
60,59,1.308817023116677
