i,j,dist
30,31,1.3165018040245848
30,32,2.751892803144774
30,33,4.7617695240320055
30,34,3.557475087755358
31,30,1.3165018040245848
31,32,1.303705871736413
31,33,2.7684165149052267
31,34,2.850417162451841
32,30,2.751892803144774
32,31,1.303705871736413
32,33,1.2826320594776988
32,34,3.3845532940108947
32,35,2.775088647232735
32,36,4.873594771829108
33,30,4.7617695240320055
33,31,2.7684165149052267
33,32,1.2826320594776988
33,34,1.2950710405224841
33,35,2.776821564306933
33,36,2.7730701397548576
34,30,3.557475087755358
34,31,2.850417162451841
34,32,3.3845532940108947
34,33,1.2950710405224841
34,35,1.2905917247526388
34,36,2.962584851105533
34,37,4.504543706081674
35,32,2.775088647232735
35,33,2.776821564306933
35,34,1.2905917247526388
35,36,1.2920325073309862
35,37,3.010486505533612
36,32,4.873594771829108
36,33,2.7730701397548576
36,34,2.962584851105533
36,35,1.2920325073309862
36,37,1.3081165850183225
36,38,3.7339880824662566
37,34,4.504543706081674
37,35,3.010486505533612
37,36,1.3081165850183225
37,38,1.2680607240980277
37,39,3.0817018025759744
38,36,3.7339880824662566
38,37,1.2680607240980277
38,39,1.2978016027112922
38,40,3.8175397836826797
39,37,3.0817018025759744
39,38,1.2978016027112922
39,40,1.2876913450046985
39,41,3.443890532522773
40,38,3.8175397836826797
40,39,1.2876913450046985
40,41,1.2690078801961788
40,42,3.3720028173179224
41,39,3.443890532522773
41,40,1.2690078801961788
41,42,1.3162898616946055
41,43,3.0618440522012227
41,46,4.200966317408414
41,49,3.89326765070166
42,40,3.3720028173179224
42,41,1.3162898616946055
42,43,1.2884234552351275
42,44,2.5004707556778163
42,45,2.3727307053266706
42,46,2.4973660124218897
42,47,3.7507104660317356
42,164,4.825308383927393
43,41,3.0618440522012227
43,42,1.2884234552351275
43,44,1.295181068422481
43,45,2.711094981737088
43,46,2.632660441454613
43,47,2.7463910864987895
43,48,4.666258244032363
43,403,3.669714566556915
44,42,2.5004707556778163
44,43,1.295181068422481
44,45,1.2960451381028308
44,46,2.873646289994646
44,47,2.461208239869191
44,48,2.731006590984354
44,49,4.8281928296206225
44,63,3.5211134602565703
44,64,3.933927299785805
44,162,3.130573270185513
44,163,4.709131130049358
44,164,4.930801760363115
44,403,3.58431890322276
44,407,3.2716495839255155
45,42,2.3727307053266706
45,43,2.711094981737088
45,44,1.2960451381028308
45,46,1.3037864088875917
45,47,2.6977240407424903
45,48,2.900314120918628
45,49,2.7446369523126353
45,50,4.506855777590403
45,64,3.700572928615245
46,41,4.200966317408414
46,42,2.4973660124218897
46,43,2.632660441454613
46,44,2.873646289994646
46,45,1.3037864088875917
46,47,1.2804280534258792
46,48,3.0165742158945785
46,49,2.8250490261232653
46,50,2.2445759064910265
46,51,4.1629135230028504
46,53,3.3688861660792266
47,42,3.7507104660317356
47,43,2.7463910864987895
47,44,2.461208239869191
47,45,2.6977240407424903
47,46,1.2804280534258792
47,48,1.3095056319084701
47,49,2.5956615727016485
47,50,2.720950385435205
47,51,2.5806892490185622
47,52,4.692045715889819
47,61,3.950231005903326
47,63,3.845490215824246
47,401,3.534149119660912
47,402,3.4593480599673705
47,403,3.8137548426714556
47,404,4.719409496960398
47,407,4.651764073983111
48,43,4.666258244032363
48,44,2.731006590984354
48,45,2.900314120918628
48,46,3.0165742158945785
48,47,1.3095056319084701
48,49,1.307985856192638
48,50,3.113882785205634
48,51,2.662409998478822
48,52,2.5037853342489225
48,53,4.747745254328627
48,61,2.745176497058066
48,63,3.6556987020267426
48,64,3.2751184711396344
49,41,3.89326765070166
49,44,4.8281928296206225
49,45,2.7446369523126353
49,46,2.8250490261232653
49,47,2.5956615727016485
49,48,1.307985856192638
49,50,1.3123387519996517
49,51,2.9370534554209295
49,52,2.7480991612385464
49,53,2.883564807664291
50,45,4.506855777590403
50,46,2.2445759064910265
50,47,2.720950385435205
50,48,3.113882785205634
50,49,1.3123387519996517
50,51,1.2730962257425755
50,52,3.074354891680529
50,53,2.8363747989290866
50,54,2.8613951142755494
50,401,3.2537444583126085
51,46,4.1629135230028504
51,47,2.5806892490185622
51,48,2.662409998478822
51,49,2.9370534554209295
51,50,1.2730962257425755
51,52,1.3025924151475767
51,53,2.747823502337801
51,54,2.723725573548111
51,59,2.5398017639178057
51,60,3.2359334047535633
51,61,3.178249360890362
51,399,4.902097918238678
51,401,3.1528071618797098
52,47,4.692045715889819
52,48,2.5037853342489225
52,49,2.7480991612385464
52,50,3.074354891680529
52,51,1.3025924151475767
52,53,1.2861978852416138
52,54,2.74827327607718
52,55,4.602960243147882
52,59,2.7351204726666074
53,46,3.3688861660792266
53,48,4.747745254328627
53,49,2.883564807664291
53,50,2.8363747989290866
53,51,2.747823502337801
53,52,1.2861978852416138
53,54,1.2983724427143488
53,55,3.1343715478545295
53,59,4.255448859991153
54,50,2.8613951142755494
54,51,2.723725573548111
54,52,2.74827327607718
54,53,1.2983724427143488
54,55,1.3107741987085308
54,56,2.428886782046457
54,57,4.915088910691242
54,59,2.3616199948340566
54,395,3.9191173751241504
54,399,2.2293734545831456
54,401,2.2282446005768795
55,52,4.602960243147882
55,53,3.1343715478545295
55,54,1.3107741987085308
55,56,1.310444581048741
55,57,3.0639317877524657
55,59,4.304322827112298
56,54,2.428886782046457
56,55,1.310444581048741
56,57,1.305601776959576
56,58,2.439798557258364
56,59,2.703636255120137
56,397,4.565494168214435
56,398,3.7391813275100754
56,399,2.2436873668138255
56,420,3.1516614665918645
57,54,4.915088910691242
57,55,3.0639317877524657
57,56,1.305601776959576
57,58,1.29537562120028
57,59,3.2056796471263342
58,56,2.439798557258364
58,57,1.29537562120028
58,59,1.3107974671931586
58,60,3.5482108167356676
58,398,3.5235572934181185
58,399,3.658201197309961
58,416,2.9737331756564833
58,417,3.6301589496880093
58,420,2.893629036348647
59,51,2.5398017639178057
59,52,2.7351204726666074
59,53,4.255448859991153
59,54,2.3616199948340566
59,55,4.304322827112298
59,56,2.703636255120137
59,57,3.2056796471263342
59,58,1.3107974671931586
59,60,1.2911800803915767
59,61,4.285166391168497
59,398,4.417833066108318
59,399,3.0069595940085376
59,401,4.288035797425204
59,417,4.949453808249958
59,420,4.878815532483269
60,51,3.2359334047535633
60,58,3.5482108167356676
60,59,1.2911800803915767
60,61,1.2921586589889067
60,62,3.258379658664707
60,399,2.7715989969690815
60,400,2.9873704155996443
60,401,2.4241357222729856
60,412,3.5031685657415856
60,413,3.409510228757203
60,414,4.913734730324786
60,417,2.6174787487198454
60,420,2.991479567037018
60,421,3.2341116245423542
61,47,3.950231005903326
61,48,2.745176497058066
61,51,3.178249360890362
61,59,4.285166391168497
61,60,1.2921586589889067
61,62,1.3058591041915693
61,63,2.6850720660719682
61,64,2.8687356099856935
61,401,3.347746854228973
61,409,4.467278030299882
61,412,3.3475664295126384
62,60,3.258379658664707
62,61,1.3058591041915693
62,63,1.2797300496589108
62,64,3.3239799939229475
62,400,3.4743923209677985
62,401,2.3104982146714605
62,402,3.510219793688138
62,403,4.619451590827633
62,407,3.6142364338819886
62,408,3.434518161256395
62,409,2.549037465397475
62,412,3.4330656853605324
62,413,3.498856670399632
62,421,3.451209353255756
63,44,3.5211134602565703
63,47,3.845490215824246
63,48,3.6556987020267426
63,61,2.6850720660719682
63,62,1.2797300496589108
63,64,1.3071721386259807
63,65,3.172643850166608
63,381,3.91552640139228
63,401,2.9989854951299786
63,402,3.8757876618824207
63,403,3.814407555571377
63,407,2.6387731998032704
63,409,4.028542292194533
64,44,3.933927299785805
64,45,3.700572928615245
64,48,3.2751184711396344
64,61,2.8687356099856935
64,62,3.3239799939229475
64,63,1.3071721386259807
64,65,1.3050398461349781
64,66,2.586011794249975
64,67,4.963814460674371
64,68,3.4160730378608752
64,380,3.8853340911689944
64,381,3.880724674593654
64,407,3.7985095761364076
64,409,2.4028595464570954
64,411,4.208303339827105
64,412,3.6789074465118037
65,63,3.172643850166608
65,64,1.3050398461349781
65,66,1.2969198124787777
65,67,4.016384941710646
65,279,3.1230360228470047
65,284,3.471352618216705
65,380,3.136540291467653
65,381,3.3889910002831223
65,407,4.031775539387082
65,409,3.6578799870963503
65,411,4.9821906828221705
66,64,2.586011794249975
66,65,1.2969198124787777
66,67,1.2659999999999971
66,68,3.3610929769942404
66,279,4.674021822798863
66,284,3.316735292422356
66,380,3.5079693556244167
66,409,3.9338704859209606
66,411,3.2678460796065654
66,412,3.983331771268869
67,64,4.963814460674371
67,65,4.016384941710646
67,66,1.2659999999999971
67,68,1.2923134294744445
67,69,3.6754489521689724
67,70,4.978929001301394
67,73,4.05052465737465
67,74,3.94032295630701
67,75,3.115964698131223
67,249,3.704912684531169
67,284,2.7318155135367395
67,346,3.7730340576252477
67,347,3.216455658018619
67,350,2.67506878416238
67,351,3.290543268215752
67,380,3.4334527810936875
67,411,3.594157898590429
67,412,4.99999329999551
68,64,3.4160730378608752
68,66,3.3610929769942404
68,67,1.2923134294744445
68,69,1.3069326685028582
68,70,3.7670361028267303
68,72,3.1957199501833706
68,73,2.9712063206717896
68,74,3.097831661017106
68,75,4.537353523806582
68,350,2.437292555275216
68,411,3.060665777245206
68,412,3.540257335279458
68,413,4.758261552289874
69,67,3.6754489521689724
69,68,1.3069326685028582
69,70,1.300264972995888
69,71,2.6110572571278485
69,72,2.4100709533123696
69,73,2.5043711785596003
69,74,3.9716981254873853
69,75,3.810723553342596
69,350,2.7734992338199755
69,411,4.664439194587063
69,413,4.301605979166384
69,414,3.9014875368248947
70,67,4.978929001301394
70,68,3.7670361028267303
70,69,1.300264972995888
70,71,1.301456491781425
70,72,2.9412312047848173
70,350,2.2378994615487118
70,354,3.385768155086817
70,413,4.357960532175572
70,414,2.228372724658069
70,415,2.2152374590548973
70,416,3.350323417224071
71,69,2.6110572571278485
71,70,1.301456491781425
71,72,1.30487508980745
71,73,2.7086258508697725
71,350,4.793707020667825
71,414,3.802004865856959
71,416,4.072964645071201
72,68,3.1957199501833706
72,69,2.4100709533123696
72,70,2.9412312047848173
72,71,1.30487508980745
72,73,1.2963896019329997
72,74,4.16054335393828
72,414,3.233648249268929
72,416,4.698825172317012
72,417,4.743837581536705
73,67,4.05052465737465
73,68,2.9712063206717896
73,69,2.5043711785596003
73,71,2.7086258508697725
73,72,1.2963896019329997
73,74,1.3195336297343845
73,75,3.163168980626865
74,67,3.94032295630701
74,68,3.097831661017106
74,69,3.9716981254873853
74,72,4.16054335393828
74,73,1.3195336297343845
74,75,1.277123721492949
74,76,3.7601437472522203
75,67,3.115964698131223
75,68,4.537353523806582
75,69,3.810723553342596
75,73,3.163168980626865
75,74,1.277123721492949
75,76,1.30494789167997
75,77,3.1507238850778414
75,78,2.9883311396162258
75,282,4.4997407703111065
75,284,4.943200380320426
75,343,2.2909548227758663
75,347,3.4427365568686747
76,74,3.7601437472522203
76,75,1.30494789167997
76,77,1.2978293416316329
76,78,3.162866263375669
76,80,3.7236414972443312
76,81,3.1275495199916534
76,84,4.896816618988298
77,75,3.1507238850778414
77,76,1.2978293416316329
77,78,1.2810757198542195
77,79,2.974433391420955
77,80,2.659816910992182
77,81,2.710189107793033
77,82,4.943704987152853
77,279,4.9653529582497935
77,280,3.6108044809986684
77,281,3.1686506591923322
77,282,3.8334467519453055
77,340,3.3784687359808454
77,343,2.9679861859516783
77,344,4.408583445960846
77,347,3.369574008684186
78,75,2.9883311396162258
78,76,3.162866263375669
78,77,1.2810757198542195
78,79,1.2927200006188524
78,80,3.0059050217862833
78,81,2.516416102316943
78,82,2.60129390880769
78,83,4.79943809211036
78,339,3.0540789118816223
78,343,2.223387055822711
79,77,2.974433391420955
79,78,1.2927200006188524
79,80,1.3074513375265637
79,81,3.1166188409877793
79,82,2.978098218662372
79,83,2.7446083509309687
79,84,4.772043901725968
79,330,3.4972533508454875
79,336,3.416686991809462
79,339,3.37468265174669
79,340,3.290225676150495
79,343,2.210139362121763
80,76,3.7236414972443312
80,77,2.659816910992182
80,78,3.0059050217862833
80,79,1.3074513375265637
80,81,1.300730179553008
80,82,3.07492373889175
80,83,2.900517367643228
80,84,2.649703002224968
80,85,4.7099796177902995
80,281,3.184657281404071
80,282,4.868913841915877
80,283,3.3980618004974565
80,326,3.7140771397481793
80,330,3.5748418146821557
80,343,4.034516203958042
81,76,3.1275495199916534
81,77,2.710189107793033
81,78,2.516416102316943
81,79,3.1166188409877793
81,80,1.300730179553008
81,82,1.2716595456331843
81,83,3.1411593401163196
81,84,2.436792564007034
81,85,2.8934332548030204
81,86,4.8996546817097215
82,77,4.943704987152853
82,78,2.60129390880769
82,79,2.978098218662372
82,80,3.07492373889175
82,81,1.2716595456331843
82,83,1.3028035155003275
82,84,3.05355874349914
82,85,2.5514062788979786
82,86,2.81876817067314
82,87,4.924354272389428
82,336,3.142987432364314
82,339,2.2325637728853316
83,78,4.79943809211036
83,79,2.7446083509309687
83,80,2.900517367643228
83,81,3.1411593401163196
83,82,1.3028035155003275
83,84,1.3113965837991166
83,85,2.9715721428227173
83,86,2.7789192143709407
83,87,2.859103705709185
83,88,4.689028364170983
83,326,3.3149003001598705
83,329,3.3131613302101623
83,330,3.668939083713436
83,336,3.610610751659615
84,76,4.896816618988298
84,79,4.772043901725968
84,80,2.649703002224968
84,81,2.436792564007034
84,82,3.05355874349914
84,83,1.3113965837991166
84,85,1.280928569437031
84,86,2.7151871022086085
84,87,2.498458925017582
84,88,2.6696378031485812
84,89,4.744556881311467
84,286,3.9962688848474652
84,322,3.787795665027352
84,326,3.3309217943386207
85,80,4.7099796177902995
85,81,2.8934332548030204
85,82,2.5514062788979786
85,83,2.9715721428227173
85,84,1.280928569437031
85,86,1.28508443302376
85,87,2.9553187645328554
85,88,3.0341646296798053
85,89,2.7005880841031633
85,90,4.612194380118863
86,81,4.8996546817097215
86,82,2.81876817067314
86,83,2.7789192143709407
86,84,2.7151871022086085
86,85,1.28508443302376
86,87,1.3009823211712006
86,88,2.298539753843732
86,89,2.5537306044295294
86,90,2.376333730770991
86,91,4.9650459212377935
86,329,3.419227544343898
86,333,3.3093887653160357
86,336,3.397346464521981
87,82,4.924354272389428
87,83,2.859103705709185
87,84,2.498458925017582
87,85,2.9553187645328554
87,86,1.3009823211712006
87,88,1.3047942366518974
87,89,3.1207463850816195
87,90,2.8617695574591577
87,91,3.2144265429466587
87,92,3.199621696388495
87,322,3.5794338937882295
87,325,3.0419390197701195
87,326,3.421938193480412
87,329,2.9133504766848834
88,83,4.689028364170983
88,84,2.6696378031485812
88,85,3.0341646296798053
88,86,2.298539753843732
88,87,1.3047942366518974
88,89,1.3089029757778077
88,90,2.6517605472591237
88,91,2.791199562911977
88,92,4.795886258034065
89,84,4.744556881311467
89,85,2.7005880841031633
89,86,2.5537306044295294
89,87,3.1207463850816195
89,88,1.3089029757778077
89,90,1.2936297770227756
89,91,2.991535726010974
90,85,4.612194380118863
90,86,2.376333730770991
90,87,2.8617695574591577
90,88,2.6517605472591237
90,89,1.2936297770227756
90,91,1.3142766071113035
90,92,2.9756889958461747
90,329,3.6316680740398084
91,86,4.9650459212377935
91,87,3.2144265429466587
91,88,2.791199562911977
91,89,2.991535726010974
91,90,1.3142766071113035
91,92,1.3168207926669433
91,93,3.505767961517134
91,325,4.516682632198103
92,87,3.199621696388495
92,88,4.795886258034065
92,90,2.9756889958461747
92,91,1.3168207926669433
92,93,1.3160961211096984
92,94,4.010973697246092
92,325,2.986235757605215
93,91,3.505767961517134
93,92,1.3160961211096984
93,94,1.3083382590140815
93,95,2.339715794706698
93,321,3.702570323437487
93,325,2.244846097174593
94,92,4.010973697246092
94,93,1.3083382590140815
94,95,1.2715679297623081
94,96,3.600087776707674
94,321,3.516917115884308
94,325,4.007826094031521
95,93,2.339715794706698
95,94,1.2715679297623081
95,96,1.2962391754610707
95,97,3.2669681663585313
95,321,2.963093822341776
95,325,4.689926865101417
96,94,3.600087776707674
96,95,1.2962391754610707
96,97,1.3027117870043257
96,98,3.995951576283179
96,318,2.983116826408244
97,95,3.2669681663585313
97,96,1.3027117870043257
97,98,1.255125890100271
97,99,3.581912059221999
97,101,3.873394635200498
97,102,3.2821243120881323
97,130,3.538811664951952
97,318,3.1923710623923403
97,319,3.2903235403224413
97,320,3.759664612701503
97,321,3.276489737508723
97,324,4.671004388779786
98,96,3.995951576283179
98,97,1.255125890100271
98,99,1.3065611351942172
98,100,2.9668073749402732
98,101,2.5492214497763803
98,102,4.723040122632877
98,317,4.968670747795633
98,318,3.6694659011905335
98,319,3.282398056299693
99,97,3.581912059221999
99,98,1.3065611351942172
99,100,1.3021666560006842
99,101,3.0628863837889915
99,130,4.402375949416408
99,308,4.894715619931361
99,309,3.312095409253793
99,312,3.1629598479904892
99,313,3.4367941457119615
99,316,4.95127195779024
99,317,3.027918261776564
99,318,4.023259499460604
99,319,3.1250526395566514
100,98,2.9668073749402732
100,99,1.3021666560006842
100,101,1.310003435109999
100,102,4.08728393924376
100,106,3.185161063431484
100,128,4.336669920572697
100,129,3.0769714005820665
100,130,2.3766364888219655
100,305,4.006038067717275
100,309,4.168557544283155
100,312,4.873084444168804
100,319,4.296601098542897
101,97,3.873394635200498
101,98,2.5492214497763803
101,99,3.0628863837889915
101,100,1.310003435109999
101,102,1.2763248019215119
101,103,2.96295494397063
101,106,4.177247059966648
101,130,2.811013696160156
101,319,3.342812438651023
102,97,3.2821243120881323
102,98,4.723040122632877
102,100,4.08728393924376
102,101,1.2763248019215119
102,103,1.3074314513579652
102,104,2.6614343876939746
102,105,2.481650660346862
102,106,2.7867725059645627
102,107,4.892277485997702
102,130,2.634537910146675
102,321,4.9602908180871825
102,324,3.36437780280396
102,325,3.756186363853636
102,328,3.656586522974669
103,101,2.96295494397063
103,102,1.3074314513579652
103,104,1.3002615121582286
103,105,2.985700755266677
103,106,2.852631592056709
103,107,2.774026856394868
103,108,4.704352559066973
104,102,2.6614343876939746
104,103,1.3002615121582286
104,105,1.2692253543008023
104,106,3.1617061849577355
104,107,2.896710202971639
104,108,2.862327374707512
104,109,4.644169139900052
104,328,3.099917902138701
104,329,4.954715027123157
104,332,2.799743916860965
105,102,2.481650660346862
105,103,2.985700755266677
105,104,1.2692253543008023
105,106,1.2898379743208037
105,107,3.2031102072829145
105,108,3.1582775368862044
105,109,2.4222881744334193
105,110,4.721620378641217
105,130,3.2391359959100257
105,277,3.3967444708131933
105,288,3.033232434219314
105,289,3.0483920351555804
105,290,3.83267817589737
105,323,4.909150741217871
105,324,3.251171481174134
105,327,3.4434715041655233
105,328,3.3832448921117124
105,331,4.282067491294362
105,332,4.795705787472789
106,100,3.185161063431484
106,101,4.177247059966648
106,102,2.7867725059645627
106,103,2.852631592056709
106,104,3.1617061849577355
106,105,1.2898379743208037
106,107,1.3069636567250047
106,108,2.973505338821504
106,109,2.9831059317429527
106,110,2.8882704167027042
106,111,4.94498786651696
106,126,4.8174945770597395
106,128,2.854359647977108
106,129,3.705036976873512
106,130,3.3623172069273886
107,102,4.892277485997702
107,103,2.774026856394868
107,104,2.896710202971639
107,105,3.2031102072829145
107,106,1.3069636567250047
107,108,1.2705164304329137
107,109,2.994195384406305
107,110,2.9446807976417415
107,111,2.834829448132643
107,112,4.9289864069603615
107,121,3.3092067025195044
107,126,3.7751790686005875
107,128,4.231691505769303
107,332,2.707667631006436
108,103,4.704352559066973
108,104,2.862327374707512
108,105,3.1582775368862044
108,106,2.973505338821504
108,107,1.2705164304329137
108,109,1.311921110433091
108,110,3.1710525066608417
108,111,3.004376307988064
108,112,2.680851543819615
108,113,4.794564213773758
108,277,4.589289378542171
108,331,3.334239043619999
108,332,3.3904302086903395
108,337,4.425422691675901
109,104,4.644169139900052
109,105,2.4222881744334193
109,106,2.9831059317429527
109,107,2.994195384406305
109,108,1.311921110433091
109,110,1.3031492623640635
109,111,3.0322049732826457
109,112,2.88107670845467
109,113,2.8083546784549838
109,114,4.7120255729356995
109,128,4.281348502516468
109,275,2.6722174312731357
109,277,2.2532929237007795
109,290,3.484735857995554
109,331,4.096141965313216
110,105,4.721620378641217
110,106,2.8882704167027042
110,107,2.9446807976417415
110,108,3.1710525066608417
110,109,1.3031492623640635
110,111,1.2866021140974455
110,112,3.141467809798472
110,113,2.9621929376730347
110,114,2.5925697676243944
110,115,4.016024900321215
110,121,3.400190729944422
110,126,3.1377307086491677
110,128,3.3711597410980048
110,275,4.006706877224738
110,292,4.626924896732163
111,106,4.94498786651696
111,107,2.834829448132643
111,108,3.004376307988064
111,109,3.0322049732826457
111,110,1.2866021140974455
111,112,1.2877794842285708
111,113,2.9208705893962486
111,114,3.0132298286058425
111,115,2.5583473180942415
111,116,3.1918505604116256
111,121,3.2695911059335843
111,122,4.013108271651789
111,262,3.8803292386084967
111,332,4.567231765522743
111,337,3.8062079554328068
112,107,4.9289864069603615
112,108,2.680851543819615
112,109,2.88107670845467
112,110,3.141467809798472
112,111,1.2877794842285708
112,113,1.2890721469335986
112,114,3.2768284971905364
112,115,3.6286931531888977
112,244,4.7760188441839295
112,247,2.7346687185105254
112,254,3.5010732640149023
112,258,4.567273256550349
112,262,2.627502426259585
112,275,3.9917923292676427
112,277,2.773461014689047
112,280,4.523645211552298
112,331,3.466688621725348
112,337,3.567511597738675
112,340,3.3331020086399987
112,341,4.967040567581462
113,108,4.794564213773758
113,109,2.8083546784549838
113,110,2.9621929376730347
113,111,2.9208705893962486
113,112,1.2890721469335986
113,114,1.27412008853169
113,115,3.2198399028523155
113,244,3.533771497989084
113,247,3.2593947290869796
113,258,3.1637815980247455
113,261,3.293617160509098
113,262,2.550110977977233
113,273,3.474704735657407
113,275,3.1809185780211378
114,109,4.7120255729356995
114,110,2.5925697676243944
114,111,3.0132298286058425
114,112,3.2768284971905364
114,113,1.27412008853169
114,115,1.2977461230918792
114,116,4.288429316194918
114,118,2.7768545154544912
114,120,3.5667281926157477
114,121,3.4724646866454973
114,126,4.27630518087753
114,261,3.984137296831022
114,262,2.815271567717758
114,265,3.1090771942812876
114,273,3.817318561503623
114,292,4.875465926452566
114,294,3.8738958426885977
115,110,4.016024900321215
115,111,2.5583473180942415
115,112,3.6286931531888977
115,113,3.2198399028523155
115,114,1.2977461230918792
115,116,1.2960050154223948
115,117,2.498048238125114
115,118,2.6445107297948334
115,121,2.9321993452014827
115,262,3.1403160668951733
116,111,3.1918505604116256
116,114,4.288429316194918
116,115,1.2960050154223948
116,117,1.295091502558802
116,118,2.7250444033079493
116,121,2.9058439393745874
116,122,2.3288877173449123
116,337,4.326644658392921
117,115,2.498048238125114
117,116,1.295091502558802
117,118,1.3061274822925977
117,119,3.012754387599501
117,121,4.156908586918893
117,122,2.721087650186959
118,114,2.7768545154544912
118,115,2.6445107297948334
118,116,2.7250444033079493
118,117,1.3061274822925977
118,119,1.3062270093670543
118,120,2.6594710000298964
118,121,2.739971897666105
118,122,2.5482044658935816
118,123,4.579121749855531
118,262,4.337328670967886
118,265,4.057995317887891
119,117,3.012754387599501
119,118,1.3062270093670543
119,120,1.2907509442181344
119,121,2.6805044301399663
119,122,2.527381846892152
119,123,2.2881086075621537
119,124,4.32397340417353
119,125,2.2839146218718422
119,265,3.4638721108031683
119,266,3.8220869953469117
120,114,3.5667281926157477
120,118,2.6594710000298964
120,119,1.2907509442181344
120,121,1.2850856002617073
120,122,3.205892855352467
120,123,2.8889550013802587
120,124,2.800754362667316
120,125,2.9601680695528123
120,126,3.351169944959518
120,265,3.459243992550975
120,294,3.617291389976762
121,107,3.3092067025195044
121,110,3.400190729944422
121,111,3.2695911059335843
121,114,3.4724646866454973
121,115,2.9321993452014827
121,116,2.9058439393745874
121,117,4.156908586918893
121,118,2.739971897666105
121,119,2.6805044301399663
121,120,1.2850856002617073
121,122,1.3006878949232936
121,123,3.045341852731812
121,124,2.700488474332004
121,125,4.855130379299816
121,126,3.23733748626862
122,111,4.013108271651789
122,116,2.3288877173449123
122,117,2.721087650186959
122,118,2.5482044658935816
122,119,2.527381846892152
122,120,3.205892855352467
122,121,1.3006878949232936
122,123,1.289988372040617
122,124,2.9376512727006983
123,118,4.579121749855531
123,119,2.2881086075621537
123,120,2.8889550013802587
123,121,3.045341852731812
123,122,1.289988372040617
123,124,1.3109984744461
123,125,2.737629631633905
123,298,3.9269649858383
124,119,4.32397340417353
124,120,2.800754362667316
124,121,2.700488474332004
124,122,2.9376512727006983
124,123,1.3109984744461
124,125,1.3059039015180285
124,126,2.901734998238123
124,297,3.9843807548978036
124,298,3.1836997345855305
124,301,3.3696848517331706
125,119,2.2839146218718422
125,120,2.9601680695528123
125,121,4.855130379299816
125,123,2.737629631633905
125,124,1.3059039015180285
125,126,1.2938098778414067
125,127,4.3099871229506
125,265,3.3708120683301193
125,266,4.748720564531039
125,270,2.585084331313004
125,293,3.720651152688195
125,294,3.22103477162231
125,295,2.3502823234666885
125,296,3.3871656292540546
125,297,3.1085015682801274
125,298,3.825830498074895
125,301,3.9516844509651827
126,106,4.8174945770597395
126,107,3.7751790686005875
126,110,3.1377307086491677
126,114,4.27630518087753
126,120,3.351169944959518
126,121,3.23733748626862
126,124,2.901734998238123
126,125,1.2938098778414067
126,127,1.3057545711197076
126,128,3.1089657444236978
126,292,3.868830960380672
126,293,3.1118595726671225
126,294,3.4258530324577574
126,295,4.227901252394621
126,297,4.748675815424762
126,301,3.0754585024025283
127,125,4.3099871229506
127,126,1.3057545711197076
127,128,1.2790535563454708
127,129,3.959922347723499
127,291,3.369329458512481
127,292,2.889612603793108
127,293,2.6698930690198037
127,294,4.958360515331645
127,295,4.017168405730589
127,301,3.075325348641995
127,302,4.68864607322839
127,304,3.2211614365008088
127,305,3.156073193067614
127,308,3.7904861165818846
128,100,4.336669920572697
128,106,2.854359647977108
128,107,4.231691505769303
128,109,4.281348502516468
128,110,3.3711597410980048
128,126,3.1089657444236978
128,127,1.2790535563454708
128,129,1.2602261701773996
128,130,4.192510822884063
128,275,4.314086809511371
128,290,3.5800477650444824
128,291,2.952816452135144
128,292,2.411794352758959
128,293,4.907058793208004
128,305,4.66363506290962
129,100,3.0769714005820665
129,106,3.705036976873512
129,127,3.959922347723499
129,128,1.2602261701773996
129,130,1.2872567731420153
129,131,3.1683170611540756
129,137,4.907595235958239
129,140,4.56383501016415
129,289,4.127796870002203
129,290,3.0205065800292488
129,291,2.592984766634772
129,292,4.837358990192892
129,305,4.502857537164588
129,308,3.6962221253598933
129,312,3.547139833725198
130,97,3.538811664951952
130,99,4.402375949416408
130,100,2.3766364888219655
130,101,2.811013696160156
130,102,2.634537910146675
130,105,3.2391359959100257
130,106,3.3623172069273886
130,128,4.192510822884063
130,129,1.2872567731420153
130,131,1.3001515296302961
130,132,4.501163627330161
130,137,4.893702177288682
130,287,4.881207842327557
130,289,3.3489747684925897
130,290,4.1367843792008365
130,291,4.926998579256944
130,312,4.5602883680749855
130,316,3.4948565063533006
130,319,2.8215260055508966
130,320,2.6238904321636545
130,321,4.509169990142313
130,324,3.087209257565803
131,129,3.1683170611540756
131,130,1.3001515296302961
131,132,1.2936031076029468
131,133,2.6080671003637854
131,134,3.8468969312941033
131,136,3.409373109532015
131,137,2.5996507457733617
131,140,3.6588319174293837
131,275,4.634011113495519
131,287,3.5388869719164533
131,288,3.898416601647395
131,289,2.728677518505986
131,290,3.022751395665878
131,291,3.3007374933490183
131,316,3.6624841296584436
131,319,4.723660233336011
131,320,4.960857385573586
132,130,4.501163627330161
132,131,1.2936031076029468
132,133,1.3058717394905204
132,134,3.693171130613907
132,135,3.7942780604483937
132,136,2.5487583251457977
132,137,3.500009999985711
132,140,4.667560390610923
132,279,4.3428526339262294
132,287,3.4940701195024695
132,288,4.74318342466323
132,289,4.526027286705192
132,316,2.988721131186382
132,319,4.231629946013711
132,320,3.3166959462694194
133,131,2.6080671003637854
133,132,1.3058717394905204
133,134,1.2873336785775484
133,135,2.4107231280261194
133,136,3.1139823377790736
133,137,2.414980952305835
133,138,4.712013794546872
133,274,4.660705204150972
133,275,3.637729786556447
133,276,3.358561596874469
133,277,4.409754414930606
133,278,3.8490524808061526
133,279,2.2594481627158407
133,284,4.278890627253753
133,287,2.7875699094372517
133,288,3.131442798455689
133,289,3.260152603790195
133,290,4.1983699217672585
134,131,3.8468969312941033
134,132,3.693171130613907
134,133,1.2873336785775484
134,135,1.3054933933191657
134,136,2.9470469965713133
134,137,2.645454403311462
134,138,2.466246135323886
134,139,4.7411549225900655
134,243,4.650471588989659
134,274,2.8024127105050045
134,275,3.6350887196875954
134,276,3.3760159952227733
134,279,2.711638803380715
134,287,4.773949099016454
134,288,4.2617678256798515
134,289,3.6380123694127287
134,290,4.796392602779719
135,132,3.7942780604483937
135,133,2.4107231280261194
135,134,1.3054933933191657
135,136,1.308415071756665
135,137,2.8168189505184724
135,138,2.8356560087570606
135,139,2.687996465771486
135,140,4.741986714447859
135,162,2.9684591962834856
135,164,3.325242848274393
135,168,3.4877663339163067
135,274,4.992228860939769
135,276,4.94080337597035
135,279,2.519068875596696
135,287,2.820616244723836
136,131,3.409373109532015
136,132,2.5487583251457977
136,133,3.1139823377790736
136,134,2.9470469965713133
136,135,1.308415071756665
136,137,1.303592344254907
136,138,3.0368040766569053
136,139,2.7398627702861327
136,140,2.704313961062958
136,141,4.729426498001634
136,279,4.821735061157965
136,287,4.9314206877937306
137,129,4.907595235958239
137,130,4.893702177288682
137,131,2.5996507457733617
137,132,3.500009999985711
137,133,2.414980952305835
137,134,2.645454403311462
137,135,2.8168189505184724
137,136,1.303592344254907
137,138,1.2962137169463956
137,139,3.0565238425374672
137,140,3.0661196975982463
137,141,2.7334456277745858
137,142,4.663211768727643
137,241,3.5078802716170356
137,274,2.8307090984415866
137,275,3.850937548182262
137,289,3.4548633836955105
137,290,2.832007944904114
137,291,3.2559276711868153
138,133,4.712013794546872
138,134,2.466246135323886
138,135,2.8356560087570606
138,136,3.0368040766569053
138,137,1.2962137169463956
138,139,1.2881824404951303
138,140,3.147410681814499
138,141,3.156000475285131
138,142,2.611536329442884
138,143,4.634562546778288
138,162,3.3324984621151734
138,165,3.5341349719556527
138,168,3.587218560389093
138,169,3.9347561550876295
138,208,4.179634074892204
138,241,2.775465726684441
138,242,4.990236567538653
138,243,3.1821995537678034
138,274,3.034460413318978
138,279,3.734625148525621
139,134,4.7411549225900655
139,135,2.687996465771486
139,136,2.7398627702861327
139,137,3.0565238425374672
139,138,1.2881824404951303
139,140,1.3063732238529677
139,141,2.909642417892615
139,142,2.7574636896974773
139,143,2.683971125030966
139,144,4.650259562648091
139,167,4.751392427489019
139,168,2.8782246263973215
139,171,2.984578697236847
139,172,3.639229176625184
139,241,4.599680967197618
139,315,4.220014810400549
140,129,4.56383501016415
140,131,3.6588319174293837
140,132,4.667560390610923
140,135,4.741986714447859
140,136,2.704313961062958
140,137,3.0661196975982463
140,138,3.147410681814499
140,139,1.3063732238529677
140,141,1.2967332030915253
140,142,3.0819015234105067
140,143,2.240447499942813
140,144,2.6923218604022834
140,145,4.7646244343074935
140,291,3.798289351800361
140,308,3.7179384072359234
140,311,3.612131918964202
140,312,3.59694106151324
140,315,2.424787825769504
140,316,2.693491971400694
141,136,4.729426498001634
141,137,2.7334456277745858
141,138,3.156000475285131
141,139,2.909642417892615
141,140,1.2967332030915253
141,142,1.3046087536115945
141,143,3.1369561680074542
141,144,2.906799098665061
141,145,2.6688613676997153
141,146,4.83908121444557
141,241,3.275205947722985
141,291,3.1436418371054935
142,137,4.663211768727643
142,138,2.611536329442884
142,139,2.7574636896974773
142,140,3.0819015234105067
142,141,1.3046087536115945
142,143,1.2974767820658655
142,144,3.0229421099319764
142,145,2.799490132149065
142,146,2.5223778463981184
142,147,4.637097152314152
142,168,3.851098674404486
142,169,3.437669850349215
142,172,3.2417941020367085
142,174,3.482669378508386
142,241,3.758282719540934
143,138,4.634562546778288
143,139,2.683971125030966
143,140,2.240447499942813
143,141,3.1369561680074542
143,142,1.2974767820658655
143,144,1.2826289408866445
143,145,2.738635609203971
143,146,2.287523114637315
143,147,2.886172032294679
143,148,4.757021862468155
143,171,4.906457173969827
143,172,2.8425460418434767
143,311,3.361716972024861
143,315,2.8168161104339062
144,139,4.650259562648091
144,140,2.6923218604022834
144,141,2.906799098665061
144,142,3.0229421099319764
144,143,1.2826289408866445
144,145,1.286345987672058
144,146,3.0586359704940405
144,147,2.893732192169829
144,148,2.551531696844075
144,149,3.7100824788675535
144,291,4.423321941708514
144,293,3.452828550623391
144,304,3.5761301710088826
144,307,4.049610598563766
144,308,3.1753818667996474
144,311,3.402881573020135
145,140,4.7646244343074935
145,141,2.6688613676997153
145,142,2.799490132149065
145,143,2.738635609203971
145,144,1.286345987672058
145,146,1.2944693893638444
145,147,2.9181228555357235
145,148,3.139790598113193
145,149,2.6276453337541614
145,150,4.910504760205411
145,152,4.942296126295954
145,153,2.227307342959206
145,155,3.9615679976494156
145,169,4.069174977805696
145,174,3.664075599656755
145,206,3.7385679076352205
145,239,3.55046729318832
145,241,3.4840845282512953
145,272,4.677040624155408
146,141,4.83908121444557
146,142,2.5223778463981184
146,143,2.287523114637315
146,144,3.0586359704940405
146,145,1.2944693893638444
146,147,1.283481982732914
146,148,3.4636967245993104
146,149,4.3755631637538945
146,153,2.372908131386465
146,172,2.9307101528469177
146,173,3.604198385216888
146,174,3.518738552379247
147,142,4.637097152314152
147,143,2.886172032294679
147,144,2.893732192169829
147,145,2.9181228555357235
147,146,1.283481982732914
147,148,1.305743466382276
147,149,3.6202604878654783
147,153,4.4253639398359095
147,307,4.847054982151531
147,310,3.741337461389982
147,311,3.180010220109366
148,143,4.757021862468155
148,144,2.551531696844075
148,145,3.139790598113193
148,146,3.4636967245993104
148,147,1.305743466382276
148,149,1.2956963378816813
148,150,2.569067924364785
148,151,4.780467236578446
148,153,4.783591224174573
148,307,3.001412001042174
148,311,4.090712529621215
149,144,3.7100824788675535
149,145,2.6276453337541614
149,146,4.3755631637538945
149,147,3.6202604878654783
149,148,1.2956963378816813
149,150,1.2925772704175178
149,151,2.313710007758102
149,152,2.8844120718094315
149,153,2.394900833020022
149,174,4.657934520793525
149,204,2.8541750121532488
149,205,4.21536641349243
149,206,2.7487717256985884
149,239,3.4742059524443825
150,145,4.910504760205411
150,148,2.569067924364785
150,149,1.2925772704175178
150,151,1.2746034677498763
150,152,2.966778050343504
150,153,4.371217908089235
151,148,4.780467236578446
151,149,2.313710007758102
151,150,1.2746034677498763
151,152,1.3035877415808992
151,153,4.446509642404923
151,203,4.523210143250034
151,204,2.387136150285527
151,205,4.547569900507304
151,239,4.88573648491197
152,145,4.942296126295954
152,149,2.8844120718094315
152,150,2.966778050343504
152,151,1.3035877415808992
152,153,1.3076949185494278
152,154,2.6764702501615836
152,174,3.526987808314624
152,204,2.376673726029722
152,205,3.1139063890875054
152,206,3.744908009551099
153,145,2.227307342959206
153,146,2.372908131386465
153,147,4.4253639398359095
153,148,4.783591224174573
153,149,2.394900833020022
153,150,4.371217908089235
153,151,4.446509642404923
153,152,1.3076949185494278
153,154,1.2982349556224428
153,155,3.6194994129022837
153,173,4.142075928806716
153,174,3.1444179111562165
153,175,2.4054710557393895
153,176,4.905908376641371
153,206,4.928917731104872
154,152,2.6764702501615836
154,153,1.2982349556224428
154,155,1.2775245594508169
154,156,3.6478378527560653
154,174,4.145019420943647
154,175,2.926017429886567
154,176,4.436186876135855
154,177,2.575057669257136
154,205,3.782056186785175
154,206,3.0207181265387884
155,145,3.9615679976494156
155,153,3.6194994129022837
155,154,1.2775245594508169
155,156,1.3022246349996571
155,157,3.2800533532246097
155,169,3.5756326712904984
155,174,3.5255192525357204
155,175,2.5313445044086724
155,176,3.1030032226860516
155,177,2.508402479667089
155,178,4.694467488437848
155,206,3.1085678374454035
155,207,4.663329818916954
155,208,4.1589483045597
156,154,3.6478378527560653
156,155,1.3022246349996571
156,157,1.2989661273489794
156,158,4.207515300031601
156,176,4.8453827506194
156,177,3.052399875507796
156,178,3.376982380765403
156,179,3.2160357585076698
156,201,3.45552036602304
156,202,3.187213359660759
156,205,3.649886162608368
156,206,2.5355056694868554
156,207,3.322751119178204
156,208,2.4855391769191617
157,155,3.2800533532246097
157,156,1.2989661273489794
157,158,1.2712360127057454
157,159,3.6181648663376307
157,161,3.7148283944214664
157,165,3.612991835030911
157,166,3.303108535909776
157,169,4.000647697560984
157,176,2.9168039015333203
157,177,2.5190740362283908
157,178,2.8609085969321004
157,179,2.727506736930264
157,208,3.380452484505589
158,156,4.207515300031601
158,157,1.2712360127057454
158,159,1.3039148745221014
158,160,2.639203478324473
158,161,2.914867063864148
158,179,3.0776944292765616
158,181,3.5701105024914837
158,208,3.302057691803704
158,210,3.4877101370383374
158,214,3.456047598051857
159,157,3.6181648663376307
159,158,1.3039148745221014
159,160,1.3002449769178095
159,161,4.380793535422548
159,178,3.275830581699851
159,179,2.725392815724004
159,180,3.61050370447116
159,181,3.0288238641426464
159,182,2.890457576232523
159,197,4.772887176542096
160,158,2.639203478324473
160,159,1.3002449769178095
160,161,1.3117217692788352
160,162,4.533365195966454
160,181,4.475256640685535
160,182,3.4265377569786093
160,210,4.892200527370072
160,214,2.6455468243824414
160,215,3.861645892621439
160,216,3.38534296637726
160,217,3.2556266677860908
160,383,4.062643228244391
161,157,3.7148283944214664
161,158,2.914867063864148
161,159,4.380793535422548
161,160,1.3117217692788352
161,162,1.3025229364583173
161,163,3.0779753085429395
161,165,2.423264739973739
161,208,3.8819867336197804
161,210,2.4571849747220993
161,214,3.9867546952377184
161,215,3.2835270670423884
161,216,3.5641439364874183
162,44,3.130573270185513
162,135,2.9684591962834856
162,138,3.3324984621151734
162,160,4.533365195966454
162,161,1.3025229364583173
162,163,1.2734539646174887
162,164,3.0207854938740657
162,165,2.823212000541225
162,166,4.200254516097802
162,168,3.713909799658576
162,210,3.900885284137435
162,215,2.920018835555697
162,216,4.0119333244708875
162,243,4.291085876558522
162,279,3.3315945131423175
162,381,4.651185225294738
162,407,4.320808489160341
163,44,4.709131130049358
163,161,3.0779753085429395
163,162,1.2734539646174887
163,164,1.3038224572387154
163,165,2.9333121211354203
163,166,2.991850764994805
163,167,2.961110771315382
164,42,4.825308383927393
164,44,4.930801760363115
164,135,3.325242848274393
164,162,3.0207854938740657
164,163,1.3038224572387154
164,165,1.3065354951167607
164,166,2.9388142166526943
164,167,2.7076207267636305
164,168,2.698090806477792
164,169,4.8179143828009225
165,138,3.5341349719556527
165,157,3.612991835030911
165,161,2.423264739973739
165,162,2.823212000541225
165,163,2.9333121211354203
165,164,1.3065354951167607
165,166,1.28673890125386
165,167,3.313414402093406
165,168,3.1629588995116604
165,169,2.831118860097541
165,170,4.750273571069357
165,176,4.136082929536109
165,208,3.2043016399833513
165,210,3.1557671016727453
