i,j,dist
13,14,1.327178209586036
13,15,3.343059825967821
13,17,4.820329967958626
13,18,3.679358232083416
13,19,3.2090643496196827
13,34,3.3115310658364607
13,36,3.524763396314709
13,37,3.833584614952432
14,13,1.327178209586036
14,15,1.3239860271166006
14,16,3.973036873727713
14,17,4.4286671809924965
14,18,3.4929297158689008
14,19,3.085109560453248
14,22,4.184429471266069
14,34,3.0434398301921504
14,36,3.262586244070797
14,37,2.387320673893645
14,38,3.1893450738356934
15,13,3.343059825967821
15,14,1.3239860271166006
15,16,1.3243190703150056
15,17,2.867049354301387
15,18,2.869040606195741
15,19,4.979009339215984
15,37,2.502601446495226
15,38,2.987313174074655
15,39,4.3602144442676165
15,40,4.420385616662857
16,14,3.973036873727713
16,15,1.3243190703150056
16,17,1.3243375702591849
16,18,3.009054834993872
16,37,3.1879066799390476
16,38,2.5955382871381443
16,39,4.093922813146336
16,40,3.030336944961734
16,387,3.4000523525381197
16,424,3.9879027069375685
16,447,2.5048069785913647
16,448,4.9649939577002575
17,13,4.820329967958626
17,14,4.4286671809924965
17,15,2.867049354301387
17,16,1.3243375702591849
17,18,1.3258133352776311
17,19,3.048201108850923
17,20,2.8994156307780337
17,21,2.7350921373877037
17,32,3.9118551864812106
17,33,3.3402947474736417
17,34,2.584699208805547
17,35,4.676956382092959
17,37,2.7881180032416126
17,38,4.588904008584181
17,384,4.151411085402162
17,387,3.2344713632988005
17,388,3.922307866550004
17,447,3.880986730201483
18,13,3.679358232083416
18,14,3.4929297158689008
18,15,2.869040606195741
18,16,3.009054834993872
18,17,1.3258133352776311
18,19,1.325539135597287
18,20,3.2851126312502634
18,21,3.1743563127034116
18,22,3.018193002443678
18,37,4.466567474022978
18,424,3.695158183352913
18,447,3.6430079604634438
19,13,3.2090643496196827
19,14,3.085109560453248
19,15,4.979009339215984
19,17,3.048201108850923
19,18,1.325539135597287
19,20,1.327482579923366
19,21,3.1206367939893305
19,22,3.162637190700193
19,23,3.771415649328513
19,32,2.8063005897444424
20,17,2.8994156307780337
20,18,3.2851126312502634
20,19,1.327482579923366
20,21,1.3253267521634051
20,22,3.1222466270299667
20,23,3.101145272314726
20,29,2.5532867054054087
20,32,3.5605148504113853
20,33,3.755770227263645
20,390,3.7602327055649045
21,17,2.7350921373877037
21,18,3.1743563127034116
21,19,3.1206367939893305
21,20,1.3253267521634051
21,22,1.3261410181424897
21,23,3.1384961366871167
21,24,4.889369795791681
21,29,3.962750181376559
21,390,3.291444363801402
21,392,3.0009648448457376
21,447,3.412192696786042
22,14,4.184429471266069
22,18,3.018193002443678
22,19,3.162637190700193
22,20,3.1222466270299667
22,21,1.3261410181424897
22,23,1.3296209986308114
22,24,3.4492964500025205
22,32,3.216286212388439
22,390,4.941734412126972
22,392,3.4363978233027654
23,19,3.771415649328513
23,20,3.101145272314726
23,21,3.1384961366871167
23,22,1.3296209986308114
23,24,1.3199242402501723
23,25,2.6756421659108254
23,28,3.520080822935748
23,29,3.231522706093832
23,32,3.463655438983502
23,390,2.4545288753648844
23,392,3.2891488260642716
24,21,4.889369795791681
24,22,3.4492964500025205
24,23,1.3199242402501723
24,25,1.3240279453244177
24,26,4.00196889043381
24,28,4.935889281578346
24,390,3.1065970128099964
24,392,2.917281954148419
25,23,2.6756421659108254
25,24,1.3240279453244177
25,26,1.3153516640047225
25,27,3.090847133068862
25,28,2.871266097038028
25,29,2.6693165792015026
25,30,4.903648641572929
25,390,2.8539477920943135
26,24,4.00196889043381
26,25,1.3153516640047225
26,27,1.3190322209862808
26,28,3.2947075742772687
26,29,3.080947419220262
26,30,2.7670233103463358
26,388,4.18405544896336
26,390,3.579971368600596
26,393,3.1191931649065894
27,25,3.090847133068862
27,26,1.3190322209862808
27,28,1.3137199092652911
27,29,3.0864319205192214
27,30,3.0454405264263493
27,31,2.925087007252943
28,23,3.520080822935748
28,24,4.935889281578346
28,25,2.871266097038028
28,26,3.2947075742772687
28,27,1.3137199092652911
28,29,1.310774198708534
28,30,3.0219227323014066
28,31,3.0652538230952437
28,32,2.581690144072291
28,390,4.321187336832319
29,20,2.5532867054054087
29,21,3.962750181376559
29,23,3.231522706093832
29,25,2.6693165792015026
29,26,3.080947419220262
29,27,3.0864319205192214
29,28,1.310774198708534
29,30,1.3229474668330603
29,31,3.206146752723586
29,32,3.1216791955612613
29,33,3.2442771151675682
29,387,2.770186094831897
29,388,2.581201851851186
29,389,3.148499483881172
29,390,2.8195563480803147
29,447,4.481794841355418
30,25,4.903648641572929
30,26,2.7670233103463358
30,27,3.0454405264263493
30,28,3.0219227323014066
30,29,1.3229474668330603
30,31,1.328048568388974
30,32,2.8083001976284554
30,33,2.772282453142177
30,387,4.9312742775067795
30,388,3.3051083189511337
30,389,4.871908558255176
30,390,3.626305695883897
31,27,2.925087007252943
31,28,3.0652538230952437
31,29,3.206146752723586
31,30,1.328048568388974
31,32,1.3211563117209097
31,33,3.1852888409059545
32,17,3.9118551864812106
32,19,2.8063005897444424
32,20,3.5605148504113853
32,22,3.216286212388439
32,23,3.463655438983502
32,28,2.581690144072291
32,29,3.1216791955612613
32,30,2.8083001976284554
32,31,1.3211563117209097
32,33,1.3244130775554883
32,34,3.0328557499492126
32,390,3.486172973333362
33,17,3.3402947474736417
33,20,3.755770227263645
33,29,3.2442771151675682
33,30,2.772282453142177
33,31,3.1852888409059545
33,32,1.3244130775554883
33,34,1.3093532754761028
33,35,3.4072970225678856
33,387,3.436379199098957
33,388,3.676275968966423
33,390,3.5259923425895296
34,13,3.3115310658364607
34,14,3.0434398301921504
34,17,2.584699208805547
34,32,3.0328557499492126
34,33,1.3093532754761028
34,35,1.3179628219339095
34,36,2.5836936737933915
34,37,2.6923473030053215
35,17,4.676956382092959
35,33,3.4072970225678856
35,34,1.3179628219339095
35,36,1.3133594329047873
35,37,3.0247165156424187
35,38,4.77840737066232
35,384,4.606636734104393
36,13,3.524763396314709
36,14,3.262586244070797
36,34,2.5836936737933915
36,35,1.3133594329047873
36,37,1.3295875300257605
36,38,3.1290832523280794
37,13,3.833584614952432
37,14,2.387320673893645
37,15,2.502601446495226
37,16,3.1879066799390476
37,17,2.7881180032416126
37,18,4.466567474022978
37,34,2.6923473030053215
37,35,3.0247165156424187
37,36,1.3295875300257605
37,38,1.3380915514268825
37,39,3.438524101994926
37,384,4.113470675718985
38,14,3.1893450738356934
38,15,2.987313174074655
38,16,2.5955382871381443
38,17,4.588904008584181
38,35,4.77840737066232
38,36,3.1290832523280794
38,37,1.3380915514268825
38,39,1.3261353626232832
38,40,3.246673528397947
38,384,4.981960557852697
39,15,4.3602144442676165
39,16,4.093922813146336
39,37,3.438524101994926
39,38,1.3261353626232832
39,40,1.3249343379956608
39,41,3.131864779967364
39,383,3.180462073347202
39,384,3.2207486707285975
39,387,3.8486944539674823
40,15,4.420385616662857
40,16,3.030336944961734
40,38,3.246673528397947
40,39,1.3249343379956608
40,41,1.323700117096012
40,42,2.981232127829031
40,383,2.713197560075564
40,447,4.105644163831054
40,448,4.811254825926403
40,449,3.901698732603533
40,501,4.832001345198486
40,502,3.9819938473081495
41,39,3.131864779967364
41,40,1.323700117096012
41,42,1.32370011709601
41,43,3.237315863489383
41,44,3.942647587598972
41,379,4.271140714141835
41,383,2.8530802652571836
41,386,3.8024205448634927
41,387,4.1081360736957055
41,447,3.5216919229256867
41,449,4.869566202445551
41,500,3.1634568117804287
41,501,2.555173183954461
41,502,3.128278919789602
42,40,2.981232127829031
42,41,1.32370011709601
42,43,1.3045355495347775
42,44,2.900334635865316
42,379,4.619393033722074
42,383,3.0447390692799976
42,386,3.3395457774972943
42,449,3.4223860097890832
42,470,3.528359533834386
42,502,3.4079931044531184
43,41,3.237315863489383
43,42,1.3045355495347775
43,44,1.3238436463570766
43,45,2.479423118388631
43,46,3.8757281896438514
43,47,3.407635103704624
43,67,4.184059751007391
43,68,2.5488779884490405
43,69,4.63305277328027
43,70,2.6243723059047848
43,378,4.767292837659543
43,379,2.8422549146760203
43,382,3.6858515976636923
43,383,3.5223760446607577
43,386,3.315625129594721
43,470,2.8092249820902557
44,41,3.942647587598972
44,42,2.900334635865316
44,43,1.3238436463570766
44,45,1.3125905683037649
44,46,3.3231457987876443
44,357,4.388525492691139
44,386,2.590729240966721
44,391,4.094525735662188
44,446,3.948555685310772
44,447,3.193303775089367
44,448,4.184768810818587
44,449,3.6434748523902316
44,450,4.8018897321783625
44,466,3.996246864246501
44,467,3.4032493296847974
44,468,2.695710296007346
44,469,4.492131565303944
44,470,3.130886296242648
45,43,2.479423118388631
45,44,1.3125905683037649
45,46,1.3152494060063284
45,47,3.5589845461872964
45,70,3.947901974466943
45,352,3.3619176075567347
45,356,3.3836616261086143
45,357,3.2212553453583905
45,358,3.838633871574615
45,359,3.5203563740053356
45,382,3.39177313510205
45,386,2.492926994518692
45,467,2.577026193114843
45,468,4.621225919601847
46,43,3.8757281896438514
46,44,3.3231457987876443
46,45,1.3152494060063284
46,47,1.3183193846712566
46,48,3.808186051127231
46,70,3.260219624503846
46,357,2.7561083070155306
46,358,3.0685040329124558
46,359,2.779051097047336
46,378,4.820587204895273
46,464,3.893523468530787
47,43,3.407635103704624
47,45,3.5589845461872964
47,46,1.3183193846712566
47,48,1.319800742536537
47,49,3.6430894855877463
47,68,3.430259611166472
47,69,3.818651332604223
47,70,2.6692572000464843
47,71,3.060431505523368
47,358,4.784965203635242
47,359,3.38157211959172
47,361,4.177604457102179
47,375,3.577491998593426
47,378,3.365215446297606
47,379,3.5269852565611903
48,46,3.808186051127231
48,47,1.319800742536537
48,49,1.317361377906613
48,50,4.176116018503316
48,71,3.255152838193621
48,72,4.698252973180564
48,73,3.606202850644981
48,241,3.944113842170382
48,325,3.3847271677344986
48,358,3.1919205817187875
48,359,2.808778382144086
48,360,3.062072174198381
48,361,2.6977379413130547
48,378,4.660244628772185
48,465,4.693459491675623
49,47,3.6430894855877463
49,48,1.317361377906613
49,50,1.3055742031765178
49,51,3.265699618764713
49,64,3.4830132069804103
49,69,3.461685283211052
49,71,2.7793472255189715
49,72,3.237407141525454
49,73,2.569839100021633
49,360,4.905421592483155
49,361,3.707331789845624
49,365,3.637918773144889
49,375,3.2779957291003288
50,48,4.176116018503316
50,49,1.3055742031765178
50,51,1.3163392419889355
50,52,3.469825644034579
50,55,3.5948872026810523
50,64,4.863620153753785
50,73,2.50653007163289
50,75,4.216826294738729
50,360,3.915616937342059
50,361,2.6236051532195193
50,362,3.1806694263943887
50,363,3.209801863043884
50,364,4.956788678166542
50,365,2.6021598721062476
50,366,3.0609162027079404
51,49,3.265699618764713
51,50,1.3163392419889355
51,52,1.3108218795854758
51,53,4.711740336648443
51,55,3.281506056675806
51,56,3.4007066912628603
51,61,3.6499526024319833
51,64,3.7031836303375485
51,69,3.6942556760462595
51,72,3.660682040276104
51,73,2.804848302493381
51,74,4.114719917564257
51,83,4.698009578534297
51,87,3.473336868200377
51,91,4.268869288230792
51,365,4.666436970537583
51,366,4.079249931053503
52,50,3.469825644034579
52,51,1.3108218795854758
52,53,1.327766922317315
52,54,2.8250341590855124
52,55,2.7552286656464653
52,56,2.7300412084801873
52,83,3.6963835028308436
52,365,3.975369291021906
52,366,3.04100937190269
53,51,4.711740336648443
53,52,1.327766922317315
53,54,1.3141012137579056
53,55,3.1376102371072156
53,56,3.6584806955893616
53,83,3.382129654522428
53,129,4.358750623745293
53,366,2.9839326399903863
53,367,3.974811945237158
54,52,2.8250341590855124
54,53,1.3141012137579056
54,55,1.3194881583401952
54,56,3.540196887180145
54,57,4.669737679998739
54,60,3.534223252710555
54,365,3.5136052709432275
54,366,2.7944462778876216
54,367,3.606394737130148
54,368,3.1927961099951263
54,371,3.475868956102917
55,50,3.5948872026810523
55,51,3.281506056675806
55,52,2.7552286656464653
55,53,3.1376102371072156
55,54,1.3194881583401952
55,56,1.3115673829430219
55,57,3.300762033228093
55,60,3.6776493851371956
55,61,3.096335091685007
55,64,3.4785979934450606
55,365,2.645645667885254
55,366,3.989866413803852
55,371,4.331462916844609
56,51,3.4007066912628603
56,52,2.7300412084801873
56,53,3.6584806955893616
56,54,3.540196887180145
56,55,1.3115673829430219
56,57,1.3107204125975918
56,58,3.4618960123030815
56,60,4.907038618148424
56,61,3.2615648084930013
56,82,4.374868569454399
56,83,2.646596682534002
56,84,4.709959766282508
56,86,2.5084582914611153
56,87,2.713398791184218
56,90,2.765156415105667
57,54,4.669737679998739
57,55,3.300762033228093
57,56,1.3107204125975918
57,58,1.3237998338117438
57,59,3.030708498024844
57,60,2.5252302865283416
57,61,2.726348106900511
57,62,4.922212815391062
57,90,3.91495427814936
58,56,3.4618960123030815
58,57,1.3237998338117438
58,59,1.322859024990947
58,60,3.1436135258647893
58,61,2.912057863436097
58,62,2.761239214555663
58,63,4.987006015637035
58,90,3.227685238681114
58,93,3.72678789307897
58,94,3.624898067532378
59,57,3.030708498024844
59,58,1.322859024990947
59,60,1.3272520484067831
59,61,3.274841522883208
59,62,2.96386470676379
59,63,3.164863504165697
60,54,3.534223252710555
60,55,3.6776493851371956
60,56,4.907038618148424
60,57,2.5252302865283416
60,58,3.1436135258647893
60,59,1.3272520484067831
60,61,1.32545048945632
60,62,3.0640688634559137
60,63,2.934049420170012
60,64,2.8029718157698262
60,371,4.4914053479952125
60,372,3.6568055731744815
61,51,3.6499526024319833
61,55,3.096335091685007
61,56,3.2615648084930013
61,57,2.726348106900511
61,58,2.912057863436097
61,59,3.274841522883208
61,60,1.32545048945632
61,62,1.3218426532685361
61,63,3.0589132056990427
61,64,2.906334117062247
61,65,2.9324740408058134
61,69,3.7355568527329344
61,87,4.421991180452536
61,90,3.468535425795731
61,91,3.519819029438869
61,94,3.4633177734652016
62,57,4.922212815391062
62,58,2.761239214555663
62,59,2.96386470676379
62,60,3.0640688634559137
62,61,1.3218426532685361
62,63,1.3234288798420557
62,64,3.149602197103628
62,65,3.2208997190226207
62,66,3.034662584209317
62,93,4.688120838886301
62,94,3.6893660702077287
62,97,3.249672137308612
62,98,3.338223928977803
63,58,4.987006015637035
63,59,3.164863504165697
63,60,2.934049420170012
63,61,3.0589132056990427
63,62,1.3234288798420557
63,64,1.3297943450022685
63,65,3.226269207614268
63,66,2.734128746054216
63,67,2.703256739564332
63,68,4.934799793304687
63,372,3.436686049088568
63,376,3.4038050766752197
64,49,3.4830132069804103
64,50,4.863620153753785
64,51,3.7031836303375485
64,55,3.4785979934450606
64,60,2.8029718157698262
64,61,2.906334117062247
64,62,3.149602197103628
64,63,1.3297943450022685
64,65,1.3265436291355064
64,66,3.1460745382142545
64,67,2.8681523669428692
64,68,2.7685767101527095
64,69,2.7613353653622053
64,365,3.6154658067806413
64,371,3.4472931410020875
64,372,3.495419431198501
64,375,3.5104291760410153
65,61,2.9324740408058134
65,62,3.2208997190226207
65,63,3.226269207614268
65,64,1.3265436291355064
65,66,1.3226809895057832
65,67,3.1403480698801522
65,68,3.0103542980851934
65,69,3.5838039845951393
65,91,4.607506701026055
65,94,3.471045519724568
65,95,3.404955359472422
65,98,3.853385654200728
65,106,3.0764066701266874
65,108,3.647098709933689
66,62,3.034662584209317
66,63,2.734128746054216
66,64,3.1460745382142545
66,65,1.3226809895057832
66,67,1.3121924401550336
66,68,3.082815758361176
66,98,3.642770786091268
66,106,3.46466751651584
67,43,4.184059751007391
67,63,2.703256739564332
67,64,2.8681523669428692
67,65,3.1403480698801522
67,66,1.3121924401550336
67,68,1.3241317910238375
67,69,3.835956595166324
67,372,3.363026167010895
67,375,3.4317496994973276
67,376,2.8950533673837535
67,379,3.758123733992803
68,43,2.5488779884490405
68,47,3.430259611166472
68,63,4.934799793304687
68,64,2.7685767101527095
68,65,3.0103542980851934
68,66,3.082815758361176
68,67,1.3241317910238375
68,69,1.326743758229145
68,70,2.9557872047899534
68,375,3.6799658965811104
68,379,4.38421532317928
69,43,4.63305277328027
69,47,3.818651332604223
69,49,3.461685283211052
69,51,3.6942556760462595
69,61,3.7355568527329344
69,64,2.7613353653622053
69,65,3.5838039845951393
69,67,3.835956595166324
69,68,1.326743758229145
69,70,1.3190561019153033
69,71,3.416630211187626
69,72,4.137658637442197
69,91,4.88542679814159
69,108,3.750730195575255
69,375,3.6478630730881325
70,43,2.6243723059047848
70,45,3.947901974466943
70,46,3.260219624503846
70,47,2.6692572000464843
70,68,2.9557872047899534
70,69,1.3190561019153033
70,71,1.3166992822964605
70,72,4.33005265556898
70,106,3.581965521888786
70,107,3.820686064046612
70,108,3.348610607401226
70,109,2.850765686618245
70,464,3.178345796165044
71,47,3.060431505523368
71,48,3.255152838193621
71,49,2.7793472255189715
71,69,3.416630211187626
71,70,1.3166992822964605
71,72,1.319209611850973
71,73,3.750132530991401
71,108,4.280018341082195
71,109,3.3877665208806835
71,110,4.454210592237417
71,111,3.655316265386618
71,239,3.6587726084029843
71,241,4.625898399230145
71,461,4.994923522938064
71,464,3.701330166305081
72,48,4.698252973180564
72,49,3.237407141525454
72,51,3.660682040276104
72,69,4.137658637442197
72,70,4.33005265556898
72,71,1.319209611850973
72,73,1.3091592722048833
72,74,3.604492058529191
72,91,3.869326297949035
72,108,4.273376533842997
72,109,2.7228578736320412
72,110,3.432482192233486
72,111,2.632094413200257
73,48,3.606202850644981
73,49,2.569839100021633
73,50,2.50653007163289
73,51,2.804848302493381
73,71,3.750132530991401
73,72,1.3091592722048833
73,74,1.3222488419355878
73,75,3.2697701754098816
73,111,3.472289590457578
73,113,2.6040038402429415
73,241,3.5622386219903874
73,270,3.613374461635547
73,291,4.612407939460684
73,360,3.3147128080725192
73,361,4.662296537115585
73,362,2.7826952761666175
74,51,4.114719917564257
74,72,3.604492058529191
74,73,1.3222488419355878
74,75,1.3131694483195984
74,76,3.2312613636163805
74,84,3.30685847897971
74,87,3.3524386646141613
74,88,3.2643543006236313
74,91,4.852639075801949
74,110,3.6378435920198564
74,111,2.780009712213253
74,112,3.7697538381172824
74,113,2.7271650115092063
74,237,4.791102378367633
75,50,4.216826294738729
75,73,3.2697701754098816
75,74,1.3131694483195984
75,76,1.3114522484635083
75,77,2.7835159421134987
75,78,2.8839590843144802
75,84,3.003343137238899
75,113,3.0388701847890762
75,114,4.595269850618136
76,74,3.2312613636163805
76,75,1.3114522484635083
76,77,1.321414393746337
76,78,3.0050665550034004
76,79,4.7074876526657015
76,80,4.993278882658165
76,81,3.9317332055977556
76,84,3.418489432483299
76,112,3.4571737011611106
76,113,2.756649596883867
76,114,4.24773822168928
76,115,2.592000964505998
76,224,2.9522118826398622
76,228,3.2361968419736162
76,231,3.5122632304541206
77,75,2.7835159421134987
77,76,1.321414393746337
77,78,1.321028008787097
77,79,4.548422363853206
77,113,4.28127002185098
77,114,4.165403461850962
77,115,3.208220846512905
77,118,2.4665988729422494
77,120,3.139673072152579
77,206,3.337750739644889
77,224,4.52733431502468
78,75,2.8839590843144802
78,76,3.0050665550034004
78,77,1.321028008787097
78,79,1.3263977533153555
78,80,4.194197539458532
78,83,4.8025753507883655
78,84,2.6765008873527374
78,115,4.998807457784304
78,120,3.2532823424965707
78,205,3.273950671589285
78,206,2.8365036576743563
78,207,4.60121038423587
79,76,4.7074876526657015
79,77,4.548422363853206
79,78,1.3263977533153555
79,80,1.301951612004072
79,81,4.078663261412983
79,83,3.8718353529043568
79,84,3.408000880281572
79,206,4.242695369691291
79,224,4.541137522691865
80,76,4.993278882658165
80,78,4.194197539458532
80,79,1.301951612004072
80,81,1.3096827860211049
80,82,3.0896109787479724
80,83,2.945497411304241
80,84,2.949977288048169
80,85,4.970934117447143
81,76,3.9317332055977556
81,79,4.078663261412983
81,80,1.3096827860211049
81,82,1.3219947049818321
81,83,3.2202754540566882
81,84,3.2265709352189993
81,85,2.6788874556427325
81,86,4.811056952479361
81,227,3.2007713132930937
81,228,2.5108058467352663
81,231,3.038589310848042
82,56,4.374868569454399
82,80,3.0896109787479724
82,81,1.3219947049818321
82,83,1.3182928354504568
82,84,3.2538779940249736
82,85,3.193054023971413
82,86,3.0435929425598296
82,87,4.996375986652719
82,231,4.974920501877394
83,51,4.698009578534297
83,52,3.6963835028308436
83,53,3.382129654522428
83,56,2.646596682534002
83,78,4.8025753507883655
83,79,3.8718353529043568
83,80,2.945497411304241
83,81,3.2202754540566882
83,82,1.3182928354504568
83,84,1.3191607180324905
83,85,3.2488996598848687
83,86,3.15974824946545
83,87,2.5855308932596377
84,56,4.709959766282508
84,74,3.30685847897971
84,75,3.003343137238899
84,76,3.418489432483299
84,78,2.6765008873527374
84,79,3.408000880281572
84,80,2.949977288048169
84,81,3.2265709352189993
84,82,3.2538779940249736
84,83,1.3191607180324905
84,85,1.3245637017523904
84,86,3.0030870783245693
84,87,3.0122672524196776
84,88,2.7376729169131946
84,89,4.757022177791483
84,231,3.9115820328864377
85,80,4.970934117447143
85,81,2.6788874556427325
85,82,3.193054023971413
85,83,3.2488996598848687
85,84,1.3245637017523904
85,86,1.3217147952565258
85,87,3.2413671498304524
85,88,3.1343734621132806
85,89,2.8788904112522236
85,90,4.988903386516923
85,231,3.557005763278996
85,235,3.533850591069182
86,56,2.5084582914611153
86,81,4.811056952479361
86,82,3.0435929425598296
86,83,3.15974824946545
86,84,3.0030870783245693
86,85,1.3217147952565258
86,87,1.3278512717921394
86,88,3.13854647886565
86,89,3.219315455186087
86,90,2.699383077667932
86,91,4.834766798926295
87,51,3.473336868200377
87,56,2.713398791184218
87,61,4.421991180452536
87,74,3.3524386646141613
87,82,4.996375986652719
87,83,2.5855308932596377
87,84,3.0122672524196776
87,85,3.2413671498304524
87,86,1.3278512717921394
87,88,1.3118361178135003
87,89,3.204280574481579
87,90,3.0250292560568735
87,91,2.8093573998336345
87,92,4.9421789728822985
88,74,3.2643543006236313
88,84,2.7376729169131946
88,85,3.1343734621132806
88,86,3.13854647886565
88,87,1.3118361178135003
88,89,1.3142393237154373
88,90,3.21933347138814
88,91,3.147927572229073
88,92,2.852793367911532
88,93,4.843907616790389
88,110,3.869680736184833
88,231,4.05316308578868
88,235,3.4533133364929416
88,237,4.245252995994467
89,84,4.757022177791483
89,85,2.8788904112522236
89,86,3.219315455186087
89,87,3.204280574481579
89,88,1.3142393237154373
89,90,1.317496489558883
89,91,3.21809710854101
89,92,3.1633939052859
89,93,2.5347731653937013
89,94,4.770595455496092
90,56,2.765156415105667
90,57,3.91495427814936
90,58,3.227685238681114
90,61,3.468535425795731
90,85,4.988903386516923
90,86,2.699383077667932
90,87,3.0250292560568735
90,88,3.21933347138814
90,89,1.317496489558883
90,91,1.3249490556244041
90,92,3.1958839152885394
90,93,3.111845915208526
90,94,2.698380996078944
90,95,4.769626924613714
91,51,4.268869288230792
91,61,3.519819029438869
91,65,4.607506701026055
91,69,4.88542679814159
91,72,3.869326297949035
91,74,4.852639075801949
91,86,4.834766798926295
91,87,2.8093573998336345
91,88,3.147927572229073
91,89,3.21809710854101
91,90,1.3249490556244041
91,92,1.3230102040422793
91,93,3.240152311234765
91,94,3.0551610432185123
91,95,2.460657026080633
91,96,4.828786286428505
91,108,3.8305356022363264
91,109,4.8729643955194275
91,110,3.9034072295880127
92,87,4.9421789728822985
92,88,2.852793367911532
92,89,3.1633939052859
92,90,3.1958839152885394
92,91,1.3230102040422793
92,93,1.3200215907325148
92,94,3.20361982763249
92,95,3.139530856672696
92,96,2.7439777695892524
92,97,4.634829123063763
92,110,4.04735543287218
92,235,2.642960082937315
92,236,2.528784292896478
92,237,4.229049302148177
92,461,4.577490251218455
93,58,3.72678789307897
93,62,4.688120838886301
93,88,4.843907616790389
93,89,2.5347731653937013
93,90,3.111845915208526
93,91,3.240152311234765
93,92,1.3200215907325148
93,94,1.3236748090071115
93,95,3.134537445939988
93,96,3.295309697130147
93,97,3.018410840160759
94,58,3.624898067532378
94,61,3.4633177734652016
94,62,3.6893660702077287
94,65,3.471045519724568
94,89,4.770595455496092
94,90,2.698380996078944
94,91,3.0551610432185123
94,92,3.20361982763249
94,93,1.3236748090071115
94,95,1.3211892370133858
94,96,3.207473148757445
94,97,2.557233270548463
94,98,3.174885352260769
95,65,3.404955359472422
95,90,4.769626924613714
95,91,2.460657026080633
95,92,3.139530856672696
95,93,3.134537445939988
95,94,1.3211892370133858
95,96,1.3253018524094815
95,97,3.0864465004273125
95,98,3.157406055609573
95,99,3.7239489792423304
95,105,3.244832507233615
95,106,3.536242780126947
95,107,4.5021684775228055
95,108,3.4095445443636625
96,91,4.828786286428505
96,92,2.7439777695892524
96,93,3.295309697130147
96,94,3.207473148757445
96,95,1.3253018524094815
96,97,1.3256292845286715
96,98,2.852979670449828
96,99,2.9116699675615636
96,100,4.328903440826561
96,105,2.5034925604043567
96,475,3.975023773513815
97,62,3.249672137308612
97,92,4.634829123063763
97,93,3.018410840160759
97,94,2.557233270548463
97,95,3.0864465004273125
97,96,1.3256292845286715
97,98,1.3300052631474801
97,99,3.257493054482231
97,100,3.5586483389062242
98,62,3.338223928977803
98,65,3.853385654200728
98,66,3.642770786091268
98,94,3.174885352260769
98,95,3.157406055609573
98,96,2.852979670449828
98,97,1.3300052631474801
98,99,1.3318340737494314
98,100,2.8803175172192383
98,101,3.032924990829808
98,102,4.445640336329512
98,104,4.424371367776443
98,105,3.474789490026696
98,106,3.916419027632255
99,95,3.7239489792423304
99,96,2.9116699675615636
99,97,3.257493054482231
99,98,1.3318340737494314
99,100,1.324375701981882
99,101,3.059998366012632
99,102,3.4569103257099374
99,105,3.511995017080747
99,475,3.8246152747694775
100,96,4.328903440826561
100,97,3.5586483389062242
100,98,2.8803175172192383
100,99,1.324375701981882
100,101,1.3299056357501449
100,102,3.2407513017817347
101,98,3.032924990829808
101,99,3.059998366012632
101,100,1.3299056357501449
101,102,1.3397555747224945
101,103,3.01346494919055
101,104,2.856638058977721
101,105,2.79500286225256
102,98,4.445640336329512
102,99,3.4569103257099374
102,100,3.2407513017817347
102,101,1.3397555747224945
102,103,1.323287572676482
102,104,3.166875273830661
102,105,3.3016308091608275
102,472,4.003674312428522
102,473,4.178160959082352
102,475,3.9705201170627493
102,492,3.3695823183296794
102,496,4.483905217553111
102,500,4.2359072227800265
103,101,3.01346494919055
103,102,1.323287572676482
103,104,1.3135071373997167
103,105,3.2715771426026325
103,106,3.7781502087661902
103,472,4.799395795305901
103,492,3.3403577652700607
103,495,3.5121022194691296
103,496,3.3907286827465275
103,499,3.5191419408713793
103,500,2.6139269308838746
104,98,4.424371367776443
104,101,2.856638058977721
104,102,3.166875273830661
104,103,1.3135071373997167
104,105,1.3225358218210947
104,106,3.2559854115152325
104,499,3.812016002065049
104,500,2.6750179438650497
105,95,3.244832507233615
105,96,2.5034925604043567
105,98,3.474789490026696
105,99,3.511995017080747
105,101,2.79500286225256
105,102,3.3016308091608275
105,103,3.2715771426026325
105,104,1.3225358218210947
105,106,1.3280624985293468
105,107,3.399911322372983
105,108,4.674579874170511
105,471,4.647902214978276
105,472,4.721752323025851
105,473,3.9101801748768557
105,475,4.004019230723048
105,500,2.828050565318794
106,65,3.0764066701266874
106,66,3.46466751651584
106,70,3.581965521888786
106,95,3.536242780126947
106,98,3.916419027632255
106,103,3.7781502087661902
106,104,3.2559854115152325
106,105,1.3280624985293468
106,107,1.3324635079430924
106,108,3.374360680188171
106,464,3.252443081746403
106,470,3.2650197549172684
106,471,2.175194933793291
106,472,3.430893323902684
106,496,3.487669422408037
106,500,3.0115334964100944
107,70,3.820686064046612
107,95,4.5021684775228055
107,105,3.399911322372983
107,106,1.3324635079430924
107,108,1.3179472675338777
107,109,4.100108413200802
107,460,3.3941070990762814
107,461,4.120854401698755
107,464,2.582225009560554
107,471,3.351074006941658
107,472,4.688411564698647
107,473,4.432345428776955
108,65,3.647098709933689
108,69,3.750730195575255
108,70,3.348610607401226
108,71,4.280018341082195
108,72,4.273376533842997
108,91,3.8305356022363264
108,95,3.4095445443636625
108,105,4.674579874170511
108,106,3.374360680188171
108,107,1.3179472675338777
108,109,1.301449576433904
108,110,3.861236201011272
108,238,4.0667999704927675
108,461,3.104491745841816
108,464,4.314012285564331
109,70,2.850765686618245
109,71,3.3877665208806835
109,72,2.7228578736320412
109,91,4.8729643955194275
109,107,4.100108413200802
109,108,1.301449576433904
109,110,1.3091955545295746
109,111,4.071903240500692
109,238,3.1934360804625537
109,239,3.5806162877359458
109,461,3.2193934211276503
109,462,4.685632294578831
109,464,4.224750643529154
110,71,4.454210592237417
110,72,3.432482192233486
110,74,3.6378435920198564
110,88,3.869680736184833
110,91,3.9034072295880127
110,92,4.04735543287218
110,108,3.861236201011272
110,109,1.3091955545295746
110,111,1.317288882515904
110,112,4.128423185672703
110,237,3.650007808210826
110,238,2.6416330176616145
110,239,3.3804430183039615
110,461,4.893988250905387
111,71,3.655316265386618
111,72,2.632094413200257
111,73,3.472289590457578
111,74,2.780009712213253
111,109,4.071903240500692
111,110,1.317288882515904
111,112,1.3081238473477943
111,113,3.8437333414273143
111,237,4.9693291297719435
111,239,3.2334011504915368
111,241,3.437318431568421
112,74,3.7697538381172824
112,76,3.4571737011611106
112,110,4.128423185672703
112,111,1.3081238473477943
112,113,1.3181688055784062
112,114,3.43902471639853
112,228,3.209094108934793
112,229,4.386892863975595
112,231,4.427633340736336
112,232,3.441799238770327
112,237,4.118211747834247
112,239,2.8676211395510283
112,240,3.202976428261687
112,241,2.5311926042875545
113,73,2.6040038402429415
113,74,2.7271650115092063
113,75,3.0388701847890762
113,76,2.756649596883867
113,77,4.28127002185098
113,111,3.8437333414273143
113,112,1.3181688055784062
113,114,1.3198742364331546
113,115,3.7097916383538325
113,241,3.1388372050808924
113,243,2.9017231087751965
113,270,2.4900018072282624
113,291,3.8982617921324887
113,360,4.760525811294378
114,75,4.595269850618136
114,76,4.24773822168928
114,77,4.165403461850962
114,112,3.43902471639853
114,113,1.3198742364331546
114,115,1.3246316469116979
114,116,3.275693819635774
114,118,4.771361021763077
114,225,3.362112877343651
114,228,4.999965799883033
114,229,3.8122047426653274
114,240,3.741265293988116
114,241,2.946169377344078
114,242,3.3853741299891795
114,243,2.4773798659067188
114,270,3.8965725965263376
115,76,2.592000964505998
115,77,3.208220846512905
115,78,4.998807457784304
115,113,3.7097916383538325
115,114,1.3246316469116979
115,116,1.3132322719153693
115,117,3.914288696557778
115,118,2.495647811691385
115,120,3.4692687990410893
115,160,3.991106237623839
115,206,4.637151819813542
115,224,3.5497770352516507
115,225,3.2936671052187467
115,228,3.160079429381481
115,243,3.3793378049552896
115,244,3.7355549788485267
116,114,3.275693819635774
116,115,1.3132322719153693
116,117,1.3361380916656773
116,118,2.6398373055929016
116,219,4.902373506782201
116,220,3.9530698197729803
116,222,4.02007810869391
116,225,2.675338857042226
116,243,3.719277886902244
116,244,4.359553417495883
117,115,3.914288696557778
117,116,1.3361380916656773
117,118,1.3160387532287954
117,119,3.7531289612801766
117,216,4.901510277455306
117,218,3.4072160189808973
117,219,3.290169296556029
117,220,3.4348938848238086
117,221,4.814671951441761
117,222,4.422028606872638
117,225,3.8153022160767285
117,243,3.9161870486482186
117,244,3.245063943900032
117,246,3.2968242294668975
118,77,2.4665988729422494
118,114,4.771361021763077
118,115,2.495647811691385
118,116,2.6398373055929016
118,117,1.3160387532287954
118,119,1.3161113174804018
118,120,2.6176856190153917
118,160,3.396150026132536
118,161,4.311560854261488
118,207,4.166872808234012
118,218,3.639906317475766
118,244,3.680824092509728
119,117,3.7531289612801766
119,118,1.3161113174804018
119,120,1.3248486706035547
119,121,4.097407106939706
119,159,3.304430208069164
119,160,3.1880053324924025
119,161,3.2799429873093824
119,164,4.9751591934329165
119,207,2.917201912792461
119,208,3.2169317680050327
119,209,2.4804425008453586
119,210,4.746052886346712
119,211,3.507562829088027
119,216,4.139257542120328
119,218,3.760164092164063
120,77,3.139673072152579
120,78,3.2532823424965707
120,115,3.4692687990410893
120,118,2.6176856190153917
120,119,1.3248486706035547
120,121,1.326695895825413
120,122,3.7059618184757404
120,158,3.5257783537823264
120,159,3.265989742788544
120,160,2.702144518711016
120,205,4.661244254488279
120,206,2.6040359060504543
120,207,3.0660572401701995
120,208,3.119892466095586
120,209,4.180943075431658
121,119,4.097407106939706
121,120,1.326695895825413
121,122,1.3182071157447217
121,123,4.421975237379788
121,152,4.845673224640722
121,157,3.337789088603415
121,158,3.101659716990242
121,159,3.4667670818790293
121,160,4.165343443222902
121,176,3.7424618902535256
121,203,4.494208384131741
121,204,3.6961262153773897
121,205,3.8310758280148938
121,206,3.0518668057436575
121,207,2.5935726324897868
121,208,3.4366725185853775
121,209,3.3855429402091466
122,120,3.7059618184757404
122,121,1.3182071157447217
122,123,1.327881771845674
122,124,3.4243064991323435
122,125,4.596596458250388
122,149,3.143819969400286
122,152,3.4758275273666874
122,157,3.4887626746455545
122,158,2.789447257074412
122,159,4.512683015679254
122,204,4.399318583599063
122,205,3.1858466692545004
122,206,2.512521243691287
122,207,4.93273453573168
123,121,4.421975237379788
123,122,1.327881771845674
123,124,1.3244402591283595
123,125,3.0696589387096447
123,126,3.4060513795302625
123,127,3.4871096914206783
123,128,3.4349339149392675
123,148,4.711245058368329
123,149,2.6962355238368905
123,150,2.8751587782242596
123,151,3.2002824875313713
123,152,2.5827891900037074
123,156,4.565541041322485
123,157,3.8232813132177483
123,158,3.6846420450296136
123,205,3.228692150081828
123,206,3.716767009108856
124,122,3.4243064991323435
124,123,1.3244402591283595
124,125,1.3229682535873635
124,126,2.9044483125027383
124,127,2.78818973529421
124,128,4.952562669971991
124,129,3.3531799832397953
124,130,3.1327728931411563
124,131,3.776594232903505
124,132,3.363442432984397
124,150,3.3762338485359695
124,151,4.481055009704747
124,152,3.1696463525131646
124,153,4.006451796789771
124,155,4.513217145230221
124,156,3.3295654371103716
124,157,4.387575868289915
124,203,3.4346366620066187
124,204,3.1692915612168084
124,205,2.523262966874439
124,206,4.747959667057008
125,122,4.596596458250388
125,123,3.0696589387096447
125,124,1.3229682535873635
125,126,1.328988713270351
125,127,2.839447305374758
125,128,3.973344812623242
125,129,3.7844616526000183
125,130,3.2156854634743177
125,131,4.610598008935499
125,132,3.641837173735259
125,150,3.027014040271372
125,151,3.4462067552600506
125,152,2.823894296888605
125,153,2.8190546287718554
125,154,4.1121348470107355
125,156,4.059410055660795
125,205,4.914432825871155
125,206,4.338213687682983
126,123,3.4060513795302625
126,124,2.9044483125027383
126,125,1.328988713270351
126,127,1.3298924768566815
126,128,2.661959616523139
126,129,4.6628347601003455
126,130,4.995247741604013
126,150,2.6946528533375123
126,151,3.907581477077605
127,123,3.4871096914206783
127,124,2.78818973529421
127,125,2.839447305374758
127,126,1.3298924768566815
127,128,1.3259886877345537
127,129,2.924614504511671
127,130,2.739484623063252
127,150,4.8081839607069945
127,204,3.3822106675959684
127,205,2.519400920854006
128,123,3.4349339149392675
128,124,4.952562669971991
128,125,3.973344812623242
128,126,2.661959616523139
128,127,1.3259886877345537
128,129,1.3301706657418082
128,130,3.061736925341561
128,203,4.874933640573989
128,204,4.4581009409837264
128,205,2.6956323933355586
128,206,4.554886716483736
129,53,4.358750623745293
129,124,3.3531799832397953
129,125,3.7844616526000183
129,126,4.6628347601003455
129,127,2.924614504511671
129,128,1.3301706657418082
129,130,1.3300857115238853
129,131,2.618448777425288
129,132,4.415444824703398
129,133,4.568957649179951
129,203,2.9879974899587776
129,204,3.409986216980935
129,205,4.128667702782581
130,124,3.1327728931411563
130,125,3.2156854634743177
130,126,4.995247741604013
130,127,2.739484623063252
130,128,3.061736925341561
130,129,1.3300857115238853
130,131,1.325063772050237
130,132,3.1825048311039525
130,155,3.085206151945119
130,157,3.7773914279566014
130,203,2.9066613149797798
130,204,3.4047333228903565
130,205,3.2834326550121293
131,124,3.776594232903505
131,125,4.610598008935499
131,129,2.618448777425288
131,130,1.325063772050237
131,132,1.3145212056106215
131,133,3.1964164309426306
131,155,2.876931872672699
131,157,4.701016273105211
131,201,3.8607224712480983
131,202,2.690009665410142
131,203,3.087901067068047
131,204,3.182206938588375
131,207,4.480252113441831
131,367,3.2205754144251957
132,124,3.363442432984397
132,125,3.641837173735259
132,129,4.415444824703398
132,130,3.1825048311039525
132,131,1.3145212056106215
132,133,1.3008293508373812
132,134,2.4933421345655735
132,135,4.12962443812994
132,152,3.2906178751109962
132,153,3.5750032167817674
132,154,3.322569337124506
132,155,3.9733731261989527
132,157,3.7309561777110116
132,176,4.173463429814621
132,181,3.905922426265025
132,200,4.69678900952555
132,201,3.2986050081814873
132,202,3.142135738633838
132,203,2.6228070840227646
132,204,4.844777600674773
133,129,4.568957649179951
133,131,3.1964164309426306
133,132,1.3008293508373812
133,134,1.3149517101399617
133,135,3.461114560369242
133,154,2.9370669042430717
133,199,4.631269912237893
133,200,3.387316489494301
133,201,3.161396685011228
133,202,2.5989459401842177
133,203,4.5456358191126585
134,132,2.4933421345655735
134,133,1.3149517101399617
134,135,1.3269442339450532
134,136,2.955825772944
134,138,3.793962308721579
134,139,3.786910218106576
134,140,3.7133856519354485
134,153,4.5821620442756075
134,154,3.199075804040911
134,181,3.292825686245781
134,182,4.481554752538444
134,183,3.707923138361959
134,197,3.570288783838082
134,198,3.163647578350035
134,199,3.5215310590707483
134,200,3.013988885181904
134,201,2.682595198683543
134,202,4.41237135789816
134,203,3.571489605192769
135,132,4.12962443812994
135,133,3.461114560369242
135,134,1.3269442339450532
135,136,1.3174904174224533
135,137,2.9145140246703227
135,138,3.06865589468744
135,139,4.475093071657834
135,140,3.5147194767150323
135,154,4.035922323335771
135,155,2.809490167272348
135,197,3.243214146491102
135,198,3.4006067105738653
135,199,4.761150491215326
135,200,4.282618474718476
135,201,4.933445854572639
136,134,2.955825772944
136,135,1.3174904174224533
136,137,1.3203961526754007
136,138,3.0782256252588076
136,196,4.731537804984759
136,197,3.131168791362102
136,198,2.719896137722902
136,199,3.429528684819535
136,200,3.9945847093283677
137,135,2.9145140246703227
137,136,1.3203961526754007
137,138,1.3212149711534464
137,139,3.7794604112227446
137,196,3.295187096357356
137,197,2.5687748052330295
137,198,4.374332177601511
138,134,3.793962308721579
138,135,3.06865589468744
138,136,3.0782256252588076
138,137,1.3212149711534464
138,139,1.3253550467704824
138,140,3.591874858621885
138,195,3.570105320575287
138,196,3.1434531967249026
138,197,2.7403811778655904
139,134,3.786910218106576
139,135,4.475093071657834
139,137,3.7794604112227446
139,138,1.3253550467704824
139,140,1.3230030234281367
139,141,3.024668246270984
139,154,3.2810214872810546
139,155,3.1735347800205402
139,156,4.599075233131114
139,194,3.580393553787067
139,195,3.111190286690929
139,196,4.397426179027912
139,197,4.3443594464546775
140,134,3.7133856519354485
140,135,3.5147194767150323
140,138,3.591874858621885
140,139,1.3230030234281367
140,141,1.3197120898135324
140,142,3.469283499513983
140,151,4.973334294012413
140,153,3.6494435192231625
140,154,3.018249823987405
140,155,3.2018277592650146
140,156,3.4285860059213924
140,157,3.72304096136478
140,158,3.809971522203283
140,183,3.6086338135089266
140,193,3.4737315670615607
140,194,3.3401570322366543
140,195,2.5615639753869135
140,196,4.6950881780856895
140,197,3.627327666478454
140,203,4.795432514382822
141,139,3.024668246270984
141,140,1.3197120898135324
141,142,1.3253622146417177
141,143,3.2509747768938477
141,155,2.679550148812297
141,156,3.148443107315107
141,157,2.6500552824422376
141,158,3.1300118210639414
